0 9 0 8
1 7 0 11
2 4 0 6
3 8 0 24
4 8 1 24
5 2 0 6
6 1 0 9
7 1 1 9
8 3 0 15
9 3 1 15
10 3 2 15
11 4 1 6
12 10 0 10
13 10 1 10
14 1 2 9
15 8 2 24
16 3 3 15
17 5 0 5
18 1 3 9
19 8 3 24
20 2 1 6
21 4 2 6
22 3 4 15
23 5 1 5
24 1 4 9
25 2 2 6
26 1 5 9
27 7 1 11
28 3 5 15
29 8 4 24
30 7 2 11
31 8 5 24
32 7 3 11
33 6 0 6
34 8 6 24
35 4 3 6
36 8 7 24
37 10 2 10
38 8 8 24
39 3 6 15
40 3 7 15
41 10 3 10
42 8 9 24
43 8 10 24
44 1 6 9
45 1 7 9
46 4 4 6
47 6 1 6
48 3 8 15
49 5 2 5
50 8 11 24
51 8 12 24
52 6 2 6
53 9 1 8
54 9 2 8
55 7 4 11
56 6 3 6
57 9 3 8
58 10 4 10
59 6 4 6
60 5 3 5
61 3 9 15
62 9 4 8
63 8 13 24
64 8 14 24
65 8 15 24
66 8 16 24
67 7 5 11
68 10 5 10
69 3 10 15
70 9 5 8
71 5 4 5
72 7 6 11
73 7 7 11
74 8 17 24
75 8 18 24
76 3 11 15
77 8 19 24
78 3 12 15
79 1 8 9
80 8 20 24
81 10 6 10
82 8 21 24
83 9 6 8
84 2 3 6
85 10 7 10
86 3 13 15
87 2 4 6
88 8 22 24
89 10 8 10
90 10 9 10
91 7 8 11
92 9 7 8
93 7 9 11
94 2 5 6
95 7 10 11
96 6 5 6
97 8 23 24
98 4 5 6
99 3 14 15
