0 1 0 7
1 0 0 0
2 2 0 5
3 3 0 43
4 3 1 43
5 4 0 12
6 3 2 43
7 3 3 43
8 0 0 0
9 0 0 0
10 4 1 12
11 2 1 5
12 5 0 4
13 6 0 3
14 3 4 43
15 3 5 43
16 4 2 12
17 5 1 4
18 3 6 43
19 3 7 43
20 0 0 0
21 3 8 43
22 4 3 12
23 7 0 4
24 3 9 43
25 4 4 12
26 3 10 43
27 3 11 43
28 4 5 12
29 3 12 43
30 3 13 43
31 3 14 43
32 3 15 43
33 8 0 6
34 3 16 43
35 2 2 5
36 3 17 43
37 5 2 4
38 3 18 43
39 0 0 0
40 4 6 12
41 0 0 0
42 3 19 43
43 3 20 43
44 3 21 43
45 3 22 43
46 2 3 5
47 8 1 6
48 0 0 0
49 7 1 4
50 3 23 43
51 3 24 43
52 8 2 6
53 0 0 0
54 1 1 7
55 3 25 43
56 8 3 6
57 1 2 7
58 0 0 0
59 8 4 6
60 7 2 4
61 4 7 12
62 1 3 7
63 3 26 43
64 3 27 43
65 3 28 43
66 3 29 43
67 3 30 43
68 0 0 0
69 9 0 2
70 1 4 7
71 7 3 4
72 3 31 43
73 3 32 43
74 3 33 43
75 3 34 43
76 9 1 2
77 3 35 43
78 10 0 2
79 3 36 43
80 3 37 43
81 6 1 3
82 0 0 0
83 1 5 7
84 4 8 12
85 5 3 4
86 4 9 12
87 4 10 12
88 3 38 43
89 0 0 0
90 6 2 3
91 3 39 43
92 1 6 7
93 3 40 43
94 4 11 12
95 3 41 43
96 8 5 6
97 3 42 43
98 2 4 5
99 10 1 2
