0 7 0 10
1 5 0 10
2 4 0 10
3 2 0 10
4 4 1 10
5 4 2 10
6 3 0 10
7 9 0 10
8 7 1 10
9 8 0 10
10 5 1 10
11 3 1 10
12 10 0 10
13 6 0 10
14 9 1 10
15 4 3 10
16 10 1 10
17 6 1 10
18 3 2 10
19 10 2 10
20 7 2 10
21 2 1 10
22 9 2 10
23 5 2 10
24 10 3 10
25 1 0 10
26 7 3 10
27 8 1 10
28 7 4 10
29 1 1 10
30 6 2 10
31 6 3 10
32 4 4 10
33 4 5 10
34 5 3 10
35 5 4 10
36 1 2 10
37 6 4 10
38 9 3 10
39 10 4 10
40 10 5 10
41 3 3 10
42 10 6 10
43 9 4 10
44 1 3 10
45 8 2 10
46 1 4 10
47 8 3 10
48 5 5 10
49 2 2 10
50 6 5 10
51 8 4 10
52 8 5 10
53 2 3 10
54 6 6 10
55 6 7 10
56 1 5 10
57 2 4 10
58 4 6 10
59 7 5 10
60 6 8 10
61 8 6 10
62 10 7 10
63 1 6 10
64 2 5 10
65 9 5 10
66 5 6 10
67 8 7 10
68 7 6 10
69 2 6 10
70 3 4 10
71 3 5 10
72 5 7 10
73 4 7 10
74 2 7 10
75 4 8 10
76 3 6 10
77 9 6 10
78 3 7 10
79 7 7 10
80 3 8 10
81 5 8 10
82 3 9 10
83 2 8 10
84 5 9 10
85 10 8 10
86 9 7 10
87 7 8 10
88 9 8 10
89 6 9 10
90 9 9 10
91 1 7 10
92 8 8 10
93 1 8 10
94 1 9 10
95 8 9 10
96 10 9 10
97 7 9 10
98 2 9 10
99 4 9 10
