0 4 0 10
1 9 0 10
2 1 0 10
3 1 1 10
4 3 0 10
5 5 0 10
6 3 1 10
7 6 0 10
8 7 0 10
9 8 0 10
10 1 2 10
11 8 1 10
12 3 2 10
13 10 0 10
14 10 1 10
15 4 1 10
16 4 2 10
17 6 1 10
18 5 1 10
19 1 3 10
20 9 1 10
21 5 2 10
22 2 0 10
23 4 3 10
24 2 1 10
25 5 3 10
26 5 4 10
27 4 4 10
28 7 1 10
29 1 4 10
30 8 2 10
31 6 2 10
32 4 5 10
33 9 2 10
34 6 3 10
35 1 5 10
36 8 3 10
37 1 6 10
38 6 4 10
39 8 4 10
40 3 3 10
41 6 5 10
42 2 2 10
43 3 4 10
44 8 5 10
45 9 3 10
46 6 6 10
47 2 3 10
48 10 2 10
49 9 4 10
50 8 6 10
51 2 4 10
52 10 3 10
53 2 5 10
54 8 7 10
55 7 2 10
56 9 5 10
57 10 4 10
58 5 5 10
59 5 6 10
60 7 3 10
61 3 5 10
62 10 5 10
63 2 6 10
64 2 7 10
65 7 4 10
66 9 6 10
67 5 7 10
68 7 5 10
69 10 6 10
70 7 6 10
71 5 8 10
72 8 8 10
73 7 7 10
74 4 6 10
75 4 7 10
76 6 7 10
77 2 8 10
78 6 8 10
79 6 9 10
80 8 9 10
81 9 7 10
82 2 9 10
83 10 7 10
84 3 6 10
85 3 7 10
86 9 8 10
87 3 8 10
88 1 7 10
89 3 9 10
90 5 9 10
91 7 8 10
92 10 8 10
93 1 8 10
94 10 9 10
95 7 9 10
96 1 9 10
97 4 8 10
98 4 9 10
99 9 9 10
