1.(1) 0
2.(1) 1
3.(5) 2, 11, 35, 46, 98
4.(13) 3, 4, 18, 27, 33, 44, 50, 55, 64, 65, 72, 74, 80
5.(2) 5, 25
6.(1) 6
7.(1) 7
8.(1) 8
9.(1) 9
10.(3) 10, 22, 61
11.(1) 12
12.(3) 13, 81, 90
13.(1) 14
14.(1) 15
15.(1) 16
16.(2) 17, 37
17.(4) 19, 29, 31, 38
18.(1) 20
19.(1) 21
20.(2) 23, 71
21.(1) 24
22.(2) 26, 45
23.(1) 28
24.(3) 30, 73, 95
25.(3) 32, 67, 93
26.(1) 34
27.(1) 36
28.(1) 39
29.(3) 40, 84, 86
30.(1) 41
31.(1) 42
32.(1) 43
33.(4) 47, 52, 59, 96
34.(1) 48
35.(1) 49
36.(1) 51
37.(1) 53
38.(1) 54
39.(1) 56
40.(2) 57, 83
41.(1) 58
42.(1) 60
43.(3) 62, 70, 92
44.(1) 63
45.(1) 66
46.(1) 68
47.(1) 69
48.(1) 75
49.(1) 76
50.(1) 77
51.(2) 78, 99
52.(1) 79
53.(1) 82
54.(1) 85
55.(1) 87
56.(1) 88
57.(1) 89
58.(1) 91
59.(1) 94
60.(1) 97
