1.(1) 0
2.(1) 1
3.(5) 2, 11, 35, 46, 98
4.(52) 3, 4, 5, 7, 10, 12, 14, 15, 16, 17, 18, 19, 21, 22, 25, 26, 27, 28, 29, 30, 31, 32, 33, 36, 37, 38, 40, 41, 44, 45, 50, 51, 55, 61, 63, 64, 65, 66, 67, 72, 73, 74, 77, 78, 80, 84, 85, 86, 91, 93, 95, 99
5.(4) 6, 24, 56, 79
6.(1) 8
7.(1) 9
8.(5) 13, 39, 81, 87, 90
9.(1) 20
10.(4) 23, 49, 60, 71
11.(5) 34, 42, 43, 88, 97
12.(4) 47, 52, 59, 96
13.(1) 48
14.(1) 53
15.(6) 54, 57, 62, 70, 83, 92
16.(1) 58
17.(1) 68
18.(2) 69, 76
19.(1) 75
20.(1) 82
21.(1) 89
22.(1) 94
