1.(1) 0
2.(1) 1
3.(5) 2, 11, 35, 46, 98
4.(1) 3
5.(1) 4
6.(1) 5
7.(1) 6
8.(1) 7
9.(1) 8
10.(1) 9
11.(2) 10, 61
12.(1) 12
13.(1) 13
14.(1) 14
15.(1) 15
16.(1) 16
17.(1) 17
18.(1) 18
19.(1) 19
20.(1) 20
21.(1) 21
22.(1) 22
23.(1) 23
24.(1) 24
25.(1) 25
26.(1) 26
27.(2) 27, 44
28.(1) 28
29.(1) 29
30.(2) 30, 73
31.(1) 31
32.(1) 32
33.(1) 33
34.(1) 34
35.(1) 36
36.(1) 37
37.(1) 38
38.(1) 39
39.(1) 40
40.(1) 41
41.(1) 42
42.(1) 43
43.(1) 45
44.(4) 47, 52, 59, 96
45.(1) 48
46.(1) 49
47.(3) 50, 64, 74
48.(1) 51
49.(1) 53
50.(1) 54
51.(3) 55, 65, 72
52.(1) 56
53.(1) 57
54.(1) 58
55.(1) 60
56.(1) 62
57.(1) 63
58.(1) 66
59.(1) 67
60.(1) 68
61.(1) 69
62.(2) 70, 92
63.(1) 71
64.(1) 75
65.(1) 76
66.(1) 77
67.(1) 78
68.(1) 79
69.(1) 80
70.(1) 81
71.(1) 82
72.(1) 83
73.(1) 84
74.(1) 85
75.(1) 86
76.(1) 87
77.(1) 88
78.(1) 89
79.(1) 90
80.(1) 91
81.(1) 93
82.(1) 94
83.(1) 95
84.(1) 97
85.(1) 99
