1.(1) 0
2.(1) 1
3.(5) 2, 11, 35, 46, 98
4.(27) 3, 4, 7, 14, 18, 19, 26, 27, 29, 31, 32, 33, 38, 44, 45, 50, 51, 55, 63, 64, 65, 67, 72, 74, 77, 80, 93
5.(5) 5, 25, 40, 84, 86
6.(1) 6
7.(1) 8
8.(1) 9
9.(5) 10, 16, 22, 28, 61
10.(1) 12
11.(3) 13, 81, 90
12.(1) 15
13.(2) 17, 37
14.(1) 20
15.(1) 21
16.(2) 23, 71
17.(1) 24
18.(3) 30, 73, 95
19.(1) 34
20.(1) 36
21.(1) 39
22.(1) 41
23.(2) 42, 88
24.(1) 43
25.(4) 47, 52, 59, 96
26.(1) 48
27.(1) 49
28.(1) 53
29.(1) 54
30.(1) 56
31.(2) 57, 83
32.(1) 58
33.(1) 60
34.(3) 62, 70, 92
35.(1) 66
36.(1) 68
37.(1) 69
38.(1) 75
39.(1) 76
40.(2) 78, 99
41.(1) 79
42.(1) 82
43.(1) 85
44.(1) 87
45.(1) 89
46.(1) 91
47.(1) 94
48.(1) 97
