1.(1) 0
2.(1) 1
3.(5) 2, 11, 35, 46, 98
4.(29) 3, 4, 7, 14, 18, 19, 26, 27, 29, 31, 32, 33, 36, 38, 44, 45, 50, 51, 55, 63, 64, 65, 66, 67, 72, 74, 77, 80, 93
5.(6) 5, 12, 25, 40, 84, 86
6.(1) 6
7.(1) 8
8.(1) 9
9.(5) 10, 16, 22, 28, 61
10.(3) 13, 81, 90
11.(1) 15
12.(2) 17, 37
13.(1) 20
14.(1) 21
15.(3) 23, 60, 71
16.(1) 24
17.(3) 30, 73, 95
18.(3) 34, 42, 88
19.(1) 39
20.(1) 41
21.(1) 43
22.(4) 47, 52, 59, 96
23.(1) 48
24.(1) 49
25.(1) 53
26.(1) 54
27.(1) 56
28.(5) 57, 62, 70, 83, 92
29.(1) 58
30.(1) 68
31.(1) 69
32.(1) 75
33.(1) 76
34.(2) 78, 99
35.(1) 79
36.(1) 82
37.(1) 85
38.(1) 87
39.(1) 89
40.(1) 91
41.(1) 94
42.(1) 97
