1.(1) 0
2.(1) 1
3.(5) 2, 11, 35, 46, 98
4.(14) 3, 4, 14, 18, 27, 33, 44, 50, 55, 64, 65, 72, 74, 80
5.(5) 5, 25, 40, 84, 86
6.(1) 6
7.(1) 7
8.(1) 8
9.(1) 9
10.(3) 10, 22, 61
11.(1) 12
12.(3) 13, 81, 90
13.(1) 15
14.(1) 16
15.(2) 17, 37
16.(4) 19, 29, 31, 38
17.(1) 20
18.(1) 21
19.(2) 23, 71
20.(1) 24
21.(2) 26, 45
22.(1) 28
23.(3) 30, 73, 95
24.(3) 32, 67, 93
25.(1) 34
26.(1) 36
27.(1) 39
28.(1) 41
29.(1) 42
30.(1) 43
31.(4) 47, 52, 59, 96
32.(1) 48
33.(1) 49
34.(1) 51
35.(1) 53
36.(1) 54
37.(1) 56
38.(2) 57, 83
39.(1) 58
40.(1) 60
41.(3) 62, 70, 92
42.(1) 63
43.(1) 66
44.(1) 68
45.(1) 69
46.(1) 75
47.(1) 76
48.(1) 77
49.(2) 78, 99
50.(1) 79
51.(1) 82
52.(1) 85
53.(1) 87
54.(1) 88
55.(1) 89
56.(1) 91
57.(1) 94
58.(1) 97
