1.(1) 0
2.(1) 1
3.(1) 2
4.(1) 3
5.(1) 4
6.(1) 5
7.(1) 6
8.(1) 7
9.(1) 8
10.(1) 9
11.(2) 10, 61
12.(2) 11, 35
13.(1) 12
14.(1) 13
15.(1) 14
16.(1) 15
17.(1) 16
18.(1) 17
19.(1) 18
20.(1) 19
21.(1) 20
22.(1) 21
23.(1) 22
24.(1) 23
25.(1) 24
26.(1) 25
27.(1) 26
28.(1) 27
29.(1) 28
30.(1) 29
31.(1) 30
32.(1) 31
33.(1) 32
34.(1) 33
35.(1) 34
36.(1) 36
37.(1) 37
38.(1) 38
39.(1) 39
40.(1) 40
41.(1) 41
42.(1) 42
43.(1) 43
44.(1) 44
45.(1) 45
46.(1) 46
47.(2) 47, 52
48.(1) 48
49.(1) 49
50.(2) 50, 74
51.(1) 51
52.(1) 53
53.(1) 54
54.(2) 55, 72
55.(1) 56
56.(1) 57
57.(1) 58
58.(1) 59
59.(1) 60
60.(1) 62
61.(1) 63
62.(1) 64
63.(1) 65
64.(1) 66
65.(1) 67
66.(1) 68
67.(1) 69
68.(1) 70
69.(1) 71
70.(1) 73
71.(1) 75
72.(1) 76
73.(1) 77
74.(1) 78
75.(1) 79
76.(1) 80
77.(1) 81
78.(1) 82
79.(1) 83
80.(1) 84
81.(1) 85
82.(1) 86
83.(1) 87
84.(1) 88
85.(1) 89
86.(1) 90
87.(1) 91
88.(1) 92
89.(1) 93
90.(1) 94
91.(1) 95
92.(1) 96
93.(1) 97
94.(1) 98
95.(1) 99
