1.(1) 0
2.(1) 1
3.(5) 2, 11, 35, 46, 98
4.(1) 3
5.(1) 4
6.(2) 5, 25
7.(1) 6
8.(1) 7
9.(1) 8
10.(1) 9
11.(2) 10, 61
12.(1) 12
13.(1) 13
14.(1) 14
15.(1) 15
16.(1) 16
17.(1) 17
18.(1) 18
19.(1) 19
20.(1) 20
21.(1) 21
22.(1) 22
23.(1) 23
24.(1) 24
25.(1) 26
26.(2) 27, 44
27.(1) 28
28.(1) 29
29.(2) 30, 73
30.(1) 31
31.(1) 32
32.(1) 33
33.(1) 34
34.(1) 36
35.(1) 37
36.(1) 38
37.(1) 39
38.(1) 40
39.(1) 41
40.(1) 42
41.(1) 43
42.(1) 45
43.(4) 47, 52, 59, 96
44.(1) 48
45.(1) 49
46.(3) 50, 64, 74
47.(1) 51
48.(1) 53
49.(1) 54
50.(3) 55, 65, 72
51.(1) 56
52.(1) 57
53.(1) 58
54.(1) 60
55.(1) 62
56.(1) 63
57.(1) 66
58.(1) 67
59.(1) 68
60.(1) 69
61.(2) 70, 92
62.(1) 71
63.(1) 75
64.(1) 76
65.(1) 77
66.(1) 78
67.(1) 79
68.(1) 80
69.(1) 81
70.(1) 82
71.(1) 83
72.(1) 84
73.(1) 85
74.(1) 86
75.(1) 87
76.(1) 88
77.(1) 89
78.(1) 90
79.(1) 91
80.(1) 93
81.(1) 94
82.(1) 95
83.(1) 97
84.(1) 99
