1.(1) 0
2.(1) 1
3.(5) 2, 11, 35, 46, 98
4.(1) 3
5.(4) 4, 50, 64, 74
6.(2) 5, 25
7.(1) 6
8.(1) 7
9.(1) 8
10.(1) 9
11.(2) 10, 61
12.(1) 12
13.(2) 13, 81
14.(1) 14
15.(1) 15
16.(1) 16
17.(1) 17
18.(1) 18
19.(1) 19
20.(1) 20
21.(1) 21
22.(1) 22
23.(1) 23
24.(1) 24
25.(2) 26, 45
26.(6) 27, 44, 55, 65, 72, 80
27.(1) 28
28.(1) 29
29.(3) 30, 73, 95
30.(1) 31
31.(2) 32, 67
32.(1) 33
33.(1) 34
34.(1) 36
35.(1) 37
36.(1) 38
37.(1) 39
38.(2) 40, 84
39.(1) 41
40.(1) 42
41.(1) 43
42.(4) 47, 52, 59, 96
43.(1) 48
44.(1) 49
45.(1) 51
46.(1) 53
47.(1) 54
48.(1) 56
49.(1) 57
50.(1) 58
51.(1) 60
52.(3) 62, 70, 92
53.(1) 63
54.(1) 66
55.(1) 68
56.(1) 69
57.(1) 71
58.(1) 75
59.(1) 76
60.(1) 77
61.(2) 78, 99
62.(1) 79
63.(1) 82
64.(1) 83
65.(1) 85
66.(1) 86
67.(1) 87
68.(1) 88
69.(1) 89
70.(1) 90
71.(1) 91
72.(1) 93
73.(1) 94
74.(1) 97
