1.(1) 0
2.(1) 1
3.(5) 2, 11, 35, 46, 98
4.(1) 3
5.(4) 4, 50, 64, 74
6.(2) 5, 25
7.(1) 6
8.(1) 7
9.(1) 8
10.(1) 9
11.(2) 10, 61
12.(1) 12
13.(2) 13, 81
14.(1) 14
15.(1) 15
16.(1) 16
17.(1) 17
18.(1) 18
19.(1) 19
20.(1) 20
21.(1) 21
22.(1) 22
23.(1) 23
24.(1) 24
25.(1) 26
26.(2) 27, 44
27.(1) 28
28.(1) 29
29.(3) 30, 73, 95
30.(1) 31
31.(1) 32
32.(1) 33
33.(1) 34
34.(1) 36
35.(1) 37
36.(1) 38
37.(1) 39
38.(1) 40
39.(1) 41
40.(1) 42
41.(1) 43
42.(1) 45
43.(4) 47, 52, 59, 96
44.(1) 48
45.(1) 49
46.(1) 51
47.(1) 53
48.(1) 54
49.(3) 55, 65, 72
50.(1) 56
51.(1) 57
52.(1) 58
53.(1) 60
54.(1) 62
55.(1) 63
56.(1) 66
57.(1) 67
58.(1) 68
59.(1) 69
60.(2) 70, 92
61.(1) 71
62.(1) 75
63.(1) 76
64.(1) 77
65.(2) 78, 99
66.(1) 79
67.(1) 80
68.(1) 82
69.(1) 83
70.(1) 84
71.(1) 85
72.(1) 86
73.(1) 87
74.(1) 88
75.(1) 89
76.(1) 90
77.(1) 91
78.(1) 93
79.(1) 94
80.(1) 97
