1.(1) 0
2.(1) 1
3.(5) 2, 11, 35, 46, 98
4.(1) 3
5.(4) 4, 50, 64, 74
6.(2) 5, 25
7.(1) 6
8.(1) 7
9.(1) 8
10.(1) 9
11.(2) 10, 61
12.(1) 12
13.(2) 13, 81
14.(1) 14
15.(1) 15
16.(1) 16
17.(1) 17
18.(1) 18
19.(2) 19, 31
20.(1) 20
21.(1) 21
22.(1) 22
23.(1) 23
24.(1) 24
25.(2) 26, 45
26.(6) 27, 44, 55, 65, 72, 80
27.(1) 28
28.(1) 29
29.(3) 30, 73, 95
30.(2) 32, 67
31.(1) 33
32.(1) 34
33.(1) 36
34.(1) 37
35.(1) 38
36.(1) 39
37.(2) 40, 84
38.(1) 41
39.(1) 42
40.(1) 43
41.(4) 47, 52, 59, 96
42.(1) 48
43.(1) 49
44.(1) 51
45.(1) 53
46.(1) 54
47.(1) 56
48.(1) 57
49.(1) 58
50.(1) 60
51.(3) 62, 70, 92
52.(1) 63
53.(1) 66
54.(1) 68
55.(1) 69
56.(1) 71
57.(1) 75
58.(1) 76
59.(1) 77
60.(2) 78, 99
61.(1) 79
62.(1) 82
63.(1) 83
64.(1) 85
65.(1) 86
66.(1) 87
67.(1) 88
68.(1) 89
69.(1) 90
70.(1) 91
71.(1) 93
72.(1) 94
73.(1) 97
