1.(1) 0
2.(54) 1, 3, 4, 5, 7, 10, 12, 14, 15, 16, 17, 18, 19, 20, 21, 22, 25, 26, 27, 28, 29, 30, 31, 32, 33, 36, 37, 38, 40, 41, 44, 45, 50, 51, 55, 61, 63, 64, 65, 66, 67, 72, 73, 74, 77, 78, 80, 84, 85, 86, 91, 93, 95, 99
3.(5) 2, 11, 35, 46, 98
4.(4) 6, 24, 56, 79
5.(1) 8
6.(1) 9
7.(5) 13, 39, 81, 87, 90
8.(4) 23, 49, 60, 71
9.(5) 34, 42, 43, 88, 97
10.(4) 47, 52, 59, 96
11.(1) 48
12.(1) 53
13.(6) 54, 57, 62, 70, 83, 92
14.(1) 58
15.(1) 68
16.(2) 69, 76
17.(1) 75
18.(1) 82
19.(1) 89
20.(1) 94
