1.(1) 0
2.(1) 1
3.(1) 2
4.(1) 3
5.(1) 4
6.(1) 5
7.(1) 6
8.(1) 7
9.(1) 8
10.(1) 9
11.(1) 10
12.(1) 11
13.(1) 12
14.(1) 13
15.(1) 14
16.(1) 15
17.(1) 16
18.(1) 17
19.(1) 18
20.(1) 19
21.(1) 20
22.(1) 21
23.(1) 22
24.(1) 23
25.(1) 24
26.(1) 25
27.(1) 26
28.(1) 27
29.(1) 28
30.(1) 29
31.(1) 30
32.(1) 31
33.(1) 32
34.(1) 33
35.(1) 34
36.(1) 35
37.(1) 36
38.(1) 37
39.(1) 38
40.(1) 39
41.(1) 40
42.(1) 41
43.(1) 42
44.(1) 43
45.(1) 44
46.(1) 45
47.(1) 46
48.(2) 47, 52
49.(1) 48
50.(1) 49
51.(1) 50
52.(1) 51
53.(1) 53
54.(1) 54
55.(1) 55
56.(1) 56
57.(1) 57
58.(1) 58
59.(1) 59
60.(1) 60
61.(1) 61
62.(1) 62
63.(1) 63
64.(1) 64
65.(1) 65
66.(1) 66
67.(1) 67
68.(1) 68
69.(1) 69
70.(1) 70
71.(1) 71
72.(1) 72
73.(1) 73
74.(1) 74
75.(1) 75
76.(1) 76
77.(1) 77
78.(1) 78
79.(1) 79
80.(1) 80
81.(1) 81
82.(1) 82
83.(1) 83
84.(1) 84
85.(1) 85
86.(1) 86
87.(1) 87
88.(1) 88
89.(1) 89
90.(1) 90
91.(1) 91
92.(1) 92
93.(1) 93
94.(1) 94
95.(1) 95
96.(1) 96
97.(1) 97
98.(1) 98
99.(1) 99
