1.(1) 0
2.(1) 1
3.(5) 2, 11, 35, 46, 98
4.(27) 3, 4, 7, 14, 18, 19, 26, 27, 29, 31, 32, 33, 38, 44, 45, 50, 51, 55, 63, 64, 65, 67, 72, 74, 77, 80, 93
5.(6) 5, 12, 25, 40, 84, 86
6.(1) 6
7.(1) 8
8.(1) 9
9.(5) 10, 16, 22, 28, 61
10.(3) 13, 81, 90
11.(1) 15
12.(2) 17, 37
13.(1) 20
14.(1) 21
15.(2) 23, 71
16.(1) 24
17.(3) 30, 73, 95
18.(3) 34, 42, 88
19.(1) 36
20.(1) 39
21.(1) 41
22.(1) 43
23.(4) 47, 52, 59, 96
24.(1) 48
25.(1) 49
26.(1) 53
27.(1) 54
28.(1) 56
29.(2) 57, 83
30.(1) 58
31.(1) 60
32.(3) 62, 70, 92
33.(1) 66
34.(1) 68
35.(1) 69
36.(1) 75
37.(1) 76
38.(2) 78, 99
39.(1) 79
40.(1) 82
41.(1) 85
42.(1) 87
43.(1) 89
44.(1) 91
45.(1) 94
46.(1) 97
