1.(1) 0
2.(1) 1
3.(5) 2, 11, 35, 46, 98
4.(1) 3
5.(4) 4, 50, 64, 74
6.(2) 5, 25
7.(1) 6
8.(1) 7
9.(1) 8
10.(1) 9
11.(2) 10, 61
12.(1) 12
13.(2) 13, 81
14.(1) 14
15.(1) 15
16.(1) 16
17.(1) 17
18.(1) 18
19.(2) 19, 31
20.(1) 20
21.(1) 21
22.(1) 22
23.(2) 23, 71
24.(1) 24
25.(2) 26, 45
26.(7) 27, 33, 44, 55, 65, 72, 80
27.(1) 28
28.(1) 29
29.(3) 30, 73, 95
30.(2) 32, 67
31.(1) 34
32.(1) 36
33.(1) 37
34.(1) 38
35.(1) 39
36.(2) 40, 84
37.(1) 41
38.(1) 42
39.(1) 43
40.(4) 47, 52, 59, 96
41.(1) 48
42.(1) 49
43.(1) 51
44.(1) 53
45.(1) 54
46.(1) 56
47.(1) 57
48.(1) 58
49.(1) 60
50.(3) 62, 70, 92
51.(1) 63
52.(1) 66
53.(1) 68
54.(1) 69
55.(1) 75
56.(1) 76
57.(1) 77
58.(2) 78, 99
59.(1) 79
60.(1) 82
61.(1) 83
62.(1) 85
63.(1) 86
64.(1) 87
65.(1) 88
66.(1) 89
67.(1) 90
68.(1) 91
69.(1) 93
70.(1) 94
71.(1) 97
