1.(1) 0
2.(1) 1
3.(5) 2, 11, 35, 46, 98
4.(1) 3
5.(11) 4, 27, 33, 44, 50, 55, 64, 65, 72, 74, 80
6.(2) 5, 25
7.(1) 6
8.(1) 7
9.(1) 8
10.(1) 9
11.(2) 10, 61
12.(1) 12
13.(2) 13, 81
14.(1) 14
15.(1) 15
16.(1) 16
17.(1) 17
18.(1) 18
19.(2) 19, 31
20.(1) 20
21.(1) 21
22.(1) 22
23.(2) 23, 71
24.(1) 24
25.(2) 26, 45
26.(1) 28
27.(1) 29
28.(3) 30, 73, 95
29.(2) 32, 67
30.(1) 34
31.(1) 36
32.(1) 37
33.(1) 38
34.(1) 39
35.(2) 40, 84
36.(1) 41
37.(1) 42
38.(1) 43
39.(4) 47, 52, 59, 96
40.(1) 48
41.(1) 49
42.(1) 51
43.(1) 53
44.(1) 54
45.(1) 56
46.(1) 57
47.(1) 58
48.(1) 60
49.(3) 62, 70, 92
50.(1) 63
51.(1) 66
52.(1) 68
53.(1) 69
54.(1) 75
55.(1) 76
56.(1) 77
57.(2) 78, 99
58.(1) 79
59.(1) 82
60.(1) 83
61.(1) 85
62.(1) 86
63.(1) 87
64.(1) 88
65.(1) 89
66.(1) 90
67.(1) 91
68.(1) 93
69.(1) 94
70.(1) 97
