1.(1) 0
2.(1) 1
3.(5) 2, 11, 35, 46, 98
4.(1) 3
5.(1) 4
6.(1) 5
7.(1) 6
8.(1) 7
9.(1) 8
10.(1) 9
11.(2) 10, 61
12.(1) 12
13.(1) 13
14.(1) 14
15.(1) 15
16.(1) 16
17.(1) 17
18.(1) 18
19.(1) 19
20.(1) 20
21.(1) 21
22.(1) 22
23.(1) 23
24.(1) 24
25.(1) 25
26.(1) 26
27.(1) 27
28.(1) 28
29.(1) 29
30.(1) 30
31.(1) 31
32.(1) 32
33.(1) 33
34.(1) 34
35.(1) 36
36.(1) 37
37.(1) 38
38.(1) 39
39.(1) 40
40.(1) 41
41.(1) 42
42.(1) 43
43.(1) 44
44.(1) 45
45.(4) 47, 52, 59, 96
46.(1) 48
47.(1) 49
48.(3) 50, 64, 74
49.(1) 51
50.(1) 53
51.(1) 54
52.(2) 55, 72
53.(1) 56
54.(1) 57
55.(1) 58
56.(1) 60
57.(1) 62
58.(1) 63
59.(1) 65
60.(1) 66
61.(1) 67
62.(1) 68
63.(1) 69
64.(1) 70
65.(1) 71
66.(1) 73
67.(1) 75
68.(1) 76
69.(1) 77
70.(1) 78
71.(1) 79
72.(1) 80
73.(1) 81
74.(1) 82
75.(1) 83
76.(1) 84
77.(1) 85
78.(1) 86
79.(1) 87
80.(1) 88
81.(1) 89
82.(1) 90
83.(1) 91
84.(1) 92
85.(1) 93
86.(1) 94
87.(1) 95
88.(1) 97
89.(1) 99
