1.(1) 0
2.(1) 1
3.(5) 2, 11, 35, 46, 98
4.(22) 3, 4, 14, 18, 19, 27, 29, 31, 32, 33, 38, 44, 50, 55, 63, 64, 65, 67, 72, 74, 80, 93
5.(5) 5, 25, 40, 84, 86
6.(1) 6
7.(1) 7
8.(1) 8
9.(1) 9
10.(3) 10, 22, 61
11.(1) 12
12.(3) 13, 81, 90
13.(1) 15
14.(2) 16, 28
15.(2) 17, 37
16.(1) 20
17.(1) 21
18.(2) 23, 71
19.(1) 24
20.(2) 26, 45
21.(3) 30, 73, 95
22.(1) 34
23.(1) 36
24.(1) 39
25.(1) 41
26.(2) 42, 88
27.(1) 43
28.(4) 47, 52, 59, 96
29.(1) 48
30.(1) 49
31.(2) 51, 77
32.(1) 53
33.(1) 54
34.(1) 56
35.(2) 57, 83
36.(1) 58
37.(1) 60
38.(3) 62, 70, 92
39.(1) 66
40.(1) 68
41.(1) 69
42.(1) 75
43.(1) 76
44.(2) 78, 99
45.(1) 79
46.(1) 82
47.(1) 85
48.(1) 87
49.(1) 89
50.(1) 91
51.(1) 94
52.(1) 97
