1.(1) 0
2.(1) 1
3.(5) 2, 11, 35, 46, 98
4.(12) 3, 4, 27, 33, 44, 50, 55, 64, 65, 72, 74, 80
5.(2) 5, 25
6.(1) 6
7.(1) 7
8.(1) 8
9.(1) 9
10.(3) 10, 22, 61
11.(1) 12
12.(2) 13, 81
13.(1) 14
14.(1) 15
15.(1) 16
16.(1) 17
17.(1) 18
18.(2) 19, 31
19.(1) 20
20.(1) 21
21.(2) 23, 71
22.(1) 24
23.(2) 26, 45
24.(1) 28
25.(1) 29
26.(3) 30, 73, 95
27.(2) 32, 67
28.(1) 34
29.(1) 36
30.(1) 37
31.(1) 38
32.(1) 39
33.(2) 40, 84
34.(1) 41
35.(1) 42
36.(1) 43
37.(4) 47, 52, 59, 96
38.(1) 48
39.(1) 49
40.(1) 51
41.(1) 53
42.(1) 54
43.(1) 56
44.(1) 57
45.(1) 58
46.(1) 60
47.(3) 62, 70, 92
48.(1) 63
49.(1) 66
50.(1) 68
51.(1) 69
52.(1) 75
53.(1) 76
54.(1) 77
55.(2) 78, 99
56.(1) 79
57.(1) 82
58.(1) 83
59.(1) 85
60.(1) 86
61.(1) 87
62.(1) 88
63.(1) 89
64.(1) 90
65.(1) 91
66.(1) 93
67.(1) 94
68.(1) 97
