1.(1) 0
2.(1) 1
3.(5) 2, 11, 35, 46, 98
4.(41) 3, 4, 5, 7, 12, 14, 18, 19, 21, 25, 26, 27, 29, 30, 31, 32, 33, 36, 38, 40, 44, 45, 50, 51, 55, 63, 64, 65, 66, 67, 72, 73, 74, 77, 80, 84, 85, 86, 91, 93, 95
5.(4) 6, 24, 56, 79
6.(1) 8
7.(1) 9
8.(7) 10, 16, 22, 28, 61, 78, 99
9.(5) 13, 39, 81, 87, 90
10.(1) 15
11.(2) 17, 37
12.(1) 20
13.(4) 23, 49, 60, 71
14.(4) 34, 42, 43, 88
15.(1) 41
16.(4) 47, 52, 59, 96
17.(1) 48
18.(1) 53
19.(6) 54, 57, 62, 70, 83, 92
20.(1) 58
21.(1) 68
22.(2) 69, 76
23.(1) 75
24.(1) 82
25.(1) 89
26.(1) 94
27.(1) 97
