1.(1) 0
2.(1) 1
3.(1) 2
4.(1) 3
5.(1) 4
6.(1) 5
7.(1) 6
8.(1) 7
9.(1) 8
10.(1) 9
11.(1) 10
12.(2) 11, 35
13.(1) 12
14.(1) 13
15.(1) 14
16.(1) 15
17.(1) 16
18.(1) 17
19.(1) 18
20.(1) 19
21.(1) 20
22.(1) 21
23.(1) 22
24.(1) 23
25.(1) 24
26.(1) 25
27.(1) 26
28.(1) 27
29.(1) 28
30.(1) 29
31.(1) 30
32.(1) 31
33.(1) 32
34.(1) 33
35.(1) 34
36.(1) 36
37.(1) 37
38.(1) 38
39.(1) 39
40.(1) 40
41.(1) 41
42.(1) 42
43.(1) 43
44.(1) 44
45.(1) 45
46.(1) 46
47.(2) 47, 52
48.(1) 48
49.(1) 49
50.(1) 50
51.(1) 51
52.(1) 53
53.(1) 54
54.(1) 55
55.(1) 56
56.(1) 57
57.(1) 58
58.(1) 59
59.(1) 60
60.(1) 61
61.(1) 62
62.(1) 63
63.(1) 64
64.(1) 65
65.(1) 66
66.(1) 67
67.(1) 68
68.(1) 69
69.(1) 70
70.(1) 71
71.(1) 72
72.(1) 73
73.(1) 74
74.(1) 75
75.(1) 76
76.(1) 77
77.(1) 78
78.(1) 79
79.(1) 80
80.(1) 81
81.(1) 82
82.(1) 83
83.(1) 84
84.(1) 85
85.(1) 86
86.(1) 87
87.(1) 88
88.(1) 89
89.(1) 90
90.(1) 91
91.(1) 92
92.(1) 93
93.(1) 94
94.(1) 95
95.(1) 96
96.(1) 97
97.(1) 98
98.(1) 99
