1.(1) 0
2.(1) 1
3.(5) 2, 11, 35, 46, 98
4.(18) 3, 4, 14, 18, 19, 27, 29, 31, 33, 38, 44, 50, 55, 64, 65, 72, 74, 80
5.(5) 5, 25, 40, 84, 86
6.(1) 6
7.(1) 7
8.(1) 8
9.(1) 9
10.(3) 10, 22, 61
11.(1) 12
12.(3) 13, 81, 90
13.(1) 15
14.(2) 16, 28
15.(2) 17, 37
16.(1) 20
17.(1) 21
18.(2) 23, 71
19.(1) 24
20.(2) 26, 45
21.(3) 30, 73, 95
22.(3) 32, 67, 93
23.(1) 34
24.(1) 36
25.(1) 39
26.(1) 41
27.(2) 42, 88
28.(1) 43
29.(4) 47, 52, 59, 96
30.(1) 48
31.(1) 49
32.(2) 51, 77
33.(1) 53
34.(1) 54
35.(1) 56
36.(2) 57, 83
37.(1) 58
38.(1) 60
39.(3) 62, 70, 92
40.(1) 63
41.(1) 66
42.(1) 68
43.(1) 69
44.(1) 75
45.(1) 76
46.(2) 78, 99
47.(1) 79
48.(1) 82
49.(1) 85
50.(1) 87
51.(1) 89
52.(1) 91
53.(1) 94
54.(1) 97
