1.(1) 0
2.(1) 1
3.(5) 2, 11, 35, 46, 98
4.(13) 3, 4, 18, 27, 33, 44, 50, 55, 64, 65, 72, 74, 80
5.(2) 5, 25
6.(1) 6
7.(1) 7
8.(1) 8
9.(1) 9
10.(3) 10, 22, 61
11.(1) 12
12.(3) 13, 81, 90
13.(1) 14
14.(1) 15
15.(1) 16
16.(2) 17, 37
17.(3) 19, 31, 38
18.(1) 20
19.(1) 21
20.(2) 23, 71
21.(1) 24
22.(2) 26, 45
23.(1) 28
24.(1) 29
25.(3) 30, 73, 95
26.(3) 32, 67, 93
27.(1) 34
28.(1) 36
29.(1) 39
30.(3) 40, 84, 86
31.(1) 41
32.(1) 42
33.(1) 43
34.(4) 47, 52, 59, 96
35.(1) 48
36.(1) 49
37.(1) 51
38.(1) 53
39.(1) 54
40.(1) 56
41.(2) 57, 83
42.(1) 58
43.(1) 60
44.(3) 62, 70, 92
45.(1) 63
46.(1) 66
47.(1) 68
48.(1) 69
49.(1) 75
50.(1) 76
51.(1) 77
52.(2) 78, 99
53.(1) 79
54.(1) 82
55.(1) 85
56.(1) 87
57.(1) 88
58.(1) 89
59.(1) 91
60.(1) 94
61.(1) 97
