1.(1) 0
2.(1) 1
3.(5) 2, 11, 35, 46, 98
4.(14) 3, 4, 14, 18, 27, 33, 44, 50, 55, 64, 65, 72, 74, 80
5.(2) 5, 25
6.(1) 6
7.(1) 7
8.(1) 8
9.(1) 9
10.(3) 10, 22, 61
11.(1) 12
12.(3) 13, 81, 90
13.(1) 15
14.(1) 16
15.(2) 17, 37
16.(4) 19, 29, 31, 38
17.(1) 20
18.(1) 21
19.(2) 23, 71
20.(1) 24
21.(2) 26, 45
22.(1) 28
23.(3) 30, 73, 95
24.(3) 32, 67, 93
25.(1) 34
26.(1) 36
27.(1) 39
28.(3) 40, 84, 86
29.(1) 41
30.(1) 42
31.(1) 43
32.(4) 47, 52, 59, 96
33.(1) 48
34.(1) 49
35.(1) 51
36.(1) 53
37.(1) 54
38.(1) 56
39.(2) 57, 83
40.(1) 58
41.(1) 60
42.(3) 62, 70, 92
43.(1) 63
44.(1) 66
45.(1) 68
46.(1) 69
47.(1) 75
48.(1) 76
49.(1) 77
50.(2) 78, 99
51.(1) 79
52.(1) 82
53.(1) 85
54.(1) 87
55.(1) 88
56.(1) 89
57.(1) 91
58.(1) 94
59.(1) 97
