1.(1) 0
2.(1) 1
3.(5) 2, 11, 35, 46, 98
4.(40) 3, 4, 5, 7, 12, 14, 18, 19, 25, 26, 27, 29, 30, 31, 32, 33, 36, 38, 40, 44, 45, 50, 51, 55, 63, 64, 65, 66, 67, 72, 73, 74, 77, 80, 84, 85, 86, 91, 93, 95
5.(3) 6, 56, 79
6.(1) 8
7.(1) 9
8.(5) 10, 16, 22, 28, 61
9.(3) 13, 81, 90
10.(1) 15
11.(2) 17, 37
12.(1) 20
13.(1) 21
14.(4) 23, 49, 60, 71
15.(1) 24
16.(3) 34, 42, 88
17.(2) 39, 87
18.(1) 41
19.(1) 43
20.(4) 47, 52, 59, 96
21.(1) 48
22.(1) 53
23.(6) 54, 57, 62, 70, 83, 92
24.(1) 58
25.(1) 68
26.(2) 69, 76
27.(1) 75
28.(2) 78, 99
29.(1) 82
30.(1) 89
31.(1) 94
32.(1) 97
