1.(1) 0
2.(1) 1
3.(5) 2, 11, 35, 46, 98
4.(12) 3, 4, 27, 33, 44, 50, 55, 64, 65, 72, 74, 80
5.(2) 5, 25
6.(1) 6
7.(1) 7
8.(1) 8
9.(1) 9
10.(3) 10, 22, 61
11.(1) 12
12.(2) 13, 81
13.(1) 14
14.(1) 15
15.(1) 16
16.(1) 17
17.(1) 18
18.(3) 19, 31, 38
19.(1) 20
20.(1) 21
21.(2) 23, 71
22.(1) 24
23.(2) 26, 45
24.(1) 28
25.(1) 29
26.(3) 30, 73, 95
27.(2) 32, 67
28.(1) 34
29.(1) 36
30.(1) 37
31.(1) 39
32.(2) 40, 84
33.(1) 41
34.(1) 42
35.(1) 43
36.(4) 47, 52, 59, 96
37.(1) 48
38.(1) 49
39.(1) 51
40.(1) 53
41.(1) 54
42.(1) 56
43.(1) 57
44.(1) 58
45.(1) 60
46.(3) 62, 70, 92
47.(1) 63
48.(1) 66
49.(1) 68
50.(1) 69
51.(1) 75
52.(1) 76
53.(1) 77
54.(2) 78, 99
55.(1) 79
56.(1) 82
57.(1) 83
58.(1) 85
59.(1) 86
60.(1) 87
61.(1) 88
62.(1) 89
63.(1) 90
64.(1) 91
65.(1) 93
66.(1) 94
67.(1) 97
