1.(1) 0
2.(1) 1
3.(5) 2, 11, 35, 46, 98
4.(22) 3, 4, 14, 18, 19, 27, 29, 31, 32, 33, 38, 44, 50, 55, 63, 64, 65, 67, 72, 74, 80, 93
5.(5) 5, 25, 40, 84, 86
6.(1) 6
7.(3) 7, 26, 45
8.(1) 8
9.(1) 9
10.(5) 10, 16, 22, 28, 61
11.(1) 12
12.(3) 13, 81, 90
13.(1) 15
14.(2) 17, 37
15.(1) 20
16.(1) 21
17.(2) 23, 71
18.(1) 24
19.(3) 30, 73, 95
20.(1) 34
21.(1) 36
22.(1) 39
23.(1) 41
24.(2) 42, 88
25.(1) 43
26.(4) 47, 52, 59, 96
27.(1) 48
28.(1) 49
29.(2) 51, 77
30.(1) 53
31.(1) 54
32.(1) 56
33.(2) 57, 83
34.(1) 58
35.(1) 60
36.(3) 62, 70, 92
37.(1) 66
38.(1) 68
39.(1) 69
40.(1) 75
41.(1) 76
42.(2) 78, 99
43.(1) 79
44.(1) 82
45.(1) 85
46.(1) 87
47.(1) 89
48.(1) 91
49.(1) 94
50.(1) 97
