1.(1) 0
2.(1) 1
3.(5) 2, 11, 35, 46, 98
4.(25) 3, 4, 7, 14, 18, 19, 26, 27, 29, 31, 32, 33, 38, 44, 45, 50, 55, 63, 64, 65, 67, 72, 74, 80, 93
5.(5) 5, 25, 40, 84, 86
6.(1) 6
7.(1) 8
8.(1) 9
9.(5) 10, 16, 22, 28, 61
10.(1) 12
11.(3) 13, 81, 90
12.(1) 15
13.(2) 17, 37
14.(1) 20
15.(1) 21
16.(2) 23, 71
17.(1) 24
18.(3) 30, 73, 95
19.(1) 34
20.(1) 36
21.(1) 39
22.(1) 41
23.(2) 42, 88
24.(1) 43
25.(4) 47, 52, 59, 96
26.(1) 48
27.(1) 49
28.(2) 51, 77
29.(1) 53
30.(1) 54
31.(1) 56
32.(2) 57, 83
33.(1) 58
34.(1) 60
35.(3) 62, 70, 92
36.(1) 66
37.(1) 68
38.(1) 69
39.(1) 75
40.(1) 76
41.(2) 78, 99
42.(1) 79
43.(1) 82
44.(1) 85
45.(1) 87
46.(1) 89
47.(1) 91
48.(1) 94
49.(1) 97
