1.(1) 0
2.(1) 1
3.(5) 2, 11, 35, 46, 98
4.(22) 3, 4, 14, 18, 19, 27, 29, 31, 32, 33, 38, 44, 50, 55, 63, 64, 65, 67, 72, 74, 80, 93
5.(5) 5, 25, 40, 84, 86
6.(1) 6
7.(3) 7, 26, 45
8.(1) 8
9.(1) 9
10.(3) 10, 22, 61
11.(1) 12
12.(3) 13, 81, 90
13.(1) 15
14.(2) 16, 28
15.(2) 17, 37
16.(1) 20
17.(1) 21
18.(2) 23, 71
19.(1) 24
20.(3) 30, 73, 95
21.(1) 34
22.(1) 36
23.(1) 39
24.(1) 41
25.(2) 42, 88
26.(1) 43
27.(4) 47, 52, 59, 96
28.(1) 48
29.(1) 49
30.(2) 51, 77
31.(1) 53
32.(1) 54
33.(1) 56
34.(2) 57, 83
35.(1) 58
36.(1) 60
37.(3) 62, 70, 92
38.(1) 66
39.(1) 68
40.(1) 69
41.(1) 75
42.(1) 76
43.(2) 78, 99
44.(1) 79
45.(1) 82
46.(1) 85
47.(1) 87
48.(1) 89
49.(1) 91
50.(1) 94
51.(1) 97
