1.(1) 0
2.(1) 1
3.(5) 2, 11, 35, 46, 98
4.(35) 3, 4, 5, 7, 12, 14, 18, 19, 25, 26, 27, 29, 31, 32, 33, 36, 38, 40, 44, 45, 50, 51, 55, 63, 64, 65, 66, 67, 72, 74, 77, 80, 84, 86, 93
5.(3) 6, 56, 79
6.(1) 8
7.(1) 9
8.(5) 10, 16, 22, 28, 61
9.(3) 13, 81, 90
10.(1) 15
11.(2) 17, 37
12.(1) 20
13.(1) 21
14.(3) 23, 60, 71
15.(1) 24
16.(4) 30, 73, 91, 95
17.(3) 34, 42, 88
18.(1) 39
19.(1) 41
20.(1) 43
21.(4) 47, 52, 59, 96
22.(1) 48
23.(1) 49
24.(1) 53
25.(1) 54
26.(5) 57, 62, 70, 83, 92
27.(1) 58
28.(1) 68
29.(2) 69, 76
30.(1) 75
31.(2) 78, 99
32.(1) 82
33.(1) 85
34.(1) 87
35.(1) 89
36.(1) 94
37.(1) 97
