1.(1) 0
2.(1) 1
3.(3) 2, 11, 35
4.(1) 3
5.(1) 4
6.(1) 5
7.(1) 6
8.(1) 7
9.(1) 8
10.(1) 9
11.(2) 10, 61
12.(1) 12
13.(1) 13
14.(1) 14
15.(1) 15
16.(1) 16
17.(1) 17
18.(1) 18
19.(1) 19
20.(1) 20
21.(1) 21
22.(1) 22
23.(1) 23
24.(1) 24
25.(1) 25
26.(1) 26
27.(1) 27
28.(1) 28
29.(1) 29
30.(1) 30
31.(1) 31
32.(1) 32
33.(1) 33
34.(1) 34
35.(1) 36
36.(1) 37
37.(1) 38
38.(1) 39
39.(1) 40
40.(1) 41
41.(1) 42
42.(1) 43
43.(1) 44
44.(1) 45
45.(1) 46
46.(3) 47, 52, 96
47.(1) 48
48.(1) 49
49.(2) 50, 74
50.(1) 51
51.(1) 53
52.(1) 54
53.(2) 55, 72
54.(1) 56
55.(1) 57
56.(1) 58
57.(1) 59
58.(1) 60
59.(1) 62
60.(1) 63
61.(1) 64
62.(1) 65
63.(1) 66
64.(1) 67
65.(1) 68
66.(1) 69
67.(1) 70
68.(1) 71
69.(1) 73
70.(1) 75
71.(1) 76
72.(1) 77
73.(1) 78
74.(1) 79
75.(1) 80
76.(1) 81
77.(1) 82
78.(1) 83
79.(1) 84
80.(1) 85
81.(1) 86
82.(1) 87
83.(1) 88
84.(1) 89
85.(1) 90
86.(1) 91
87.(1) 92
88.(1) 93
89.(1) 94
90.(1) 95
91.(1) 97
92.(1) 98
93.(1) 99
