1.(1) 0
2.(1) 1
3.(5) 2, 11, 35, 46, 98
4.(12) 3, 4, 27, 33, 44, 50, 55, 64, 65, 72, 74, 80
5.(2) 5, 25
6.(1) 6
7.(1) 7
8.(1) 8
9.(1) 9
10.(3) 10, 22, 61
11.(1) 12
12.(3) 13, 81, 90
13.(1) 14
14.(1) 15
15.(1) 16
16.(2) 17, 37
17.(1) 18
18.(3) 19, 31, 38
19.(1) 20
20.(1) 21
21.(2) 23, 71
22.(1) 24
23.(2) 26, 45
24.(1) 28
25.(1) 29
26.(3) 30, 73, 95
27.(3) 32, 67, 93
28.(1) 34
29.(1) 36
30.(1) 39
31.(3) 40, 84, 86
32.(1) 41
33.(1) 42
34.(1) 43
35.(4) 47, 52, 59, 96
36.(1) 48
37.(1) 49
38.(1) 51
39.(1) 53
40.(1) 54
41.(1) 56
42.(2) 57, 83
43.(1) 58
44.(1) 60
45.(3) 62, 70, 92
46.(1) 63
47.(1) 66
48.(1) 68
49.(1) 69
50.(1) 75
51.(1) 76
52.(1) 77
53.(2) 78, 99
54.(1) 79
55.(1) 82
56.(1) 85
57.(1) 87
58.(1) 88
59.(1) 89
60.(1) 91
61.(1) 94
62.(1) 97
