1.(1) 0
2.(1) 1
3.(5) 2, 11, 35, 46, 98
4.(27) 3, 4, 7, 14, 18, 19, 26, 27, 29, 31, 32, 33, 38, 44, 45, 50, 51, 55, 63, 64, 65, 67, 72, 74, 77, 80, 93
5.(6) 5, 12, 25, 40, 84, 86
6.(1) 6
7.(1) 8
8.(1) 9
9.(5) 10, 16, 22, 28, 61
10.(3) 13, 81, 90
11.(1) 15
12.(2) 17, 37
13.(1) 20
14.(1) 21
15.(2) 23, 71
16.(1) 24
17.(3) 30, 73, 95
18.(1) 34
19.(1) 36
20.(1) 39
21.(1) 41
22.(2) 42, 88
23.(1) 43
24.(4) 47, 52, 59, 96
25.(1) 48
26.(1) 49
27.(1) 53
28.(1) 54
29.(1) 56
30.(2) 57, 83
31.(1) 58
32.(1) 60
33.(3) 62, 70, 92
34.(1) 66
35.(1) 68
36.(1) 69
37.(1) 75
38.(1) 76
39.(2) 78, 99
40.(1) 79
41.(1) 82
42.(1) 85
43.(1) 87
44.(1) 89
45.(1) 91
46.(1) 94
47.(1) 97
