1.(1) 0
2.(1) 1
3.(5) 2, 11, 35, 46, 98
4.(44) 3, 4, 5, 7, 12, 14, 15, 17, 18, 19, 21, 25, 26, 27, 29, 30, 31, 32, 33, 36, 37, 38, 40, 44, 45, 50, 51, 55, 63, 64, 65, 66, 67, 72, 73, 74, 77, 80, 84, 85, 86, 91, 93, 95
5.(4) 6, 24, 56, 79
6.(1) 8
7.(1) 9
8.(7) 10, 16, 22, 28, 61, 78, 99
9.(5) 13, 39, 81, 87, 90
10.(1) 20
11.(4) 23, 49, 60, 71
12.(4) 34, 42, 43, 88
13.(1) 41
14.(4) 47, 52, 59, 96
15.(1) 48
16.(1) 53
17.(6) 54, 57, 62, 70, 83, 92
18.(1) 58
19.(1) 68
20.(2) 69, 76
21.(1) 75
22.(1) 82
23.(1) 89
24.(1) 94
25.(1) 97
