1.(1) 0
2.(1) 1
3.(5) 2, 11, 35, 46, 98
4.(18) 3, 4, 14, 18, 19, 27, 29, 31, 33, 38, 44, 50, 55, 64, 65, 72, 74, 80
5.(5) 5, 25, 40, 84, 86
6.(1) 6
7.(1) 7
8.(1) 8
9.(1) 9
10.(3) 10, 22, 61
11.(1) 12
12.(3) 13, 81, 90
13.(1) 15
14.(1) 16
15.(2) 17, 37
16.(1) 20
17.(1) 21
18.(2) 23, 71
19.(1) 24
20.(2) 26, 45
21.(1) 28
22.(3) 30, 73, 95
23.(3) 32, 67, 93
24.(1) 34
25.(1) 36
26.(1) 39
27.(1) 41
28.(2) 42, 88
29.(1) 43
30.(4) 47, 52, 59, 96
31.(1) 48
32.(1) 49
33.(1) 51
34.(1) 53
35.(1) 54
36.(1) 56
37.(2) 57, 83
38.(1) 58
39.(1) 60
40.(3) 62, 70, 92
41.(1) 63
42.(1) 66
43.(1) 68
44.(1) 69
45.(1) 75
46.(1) 76
47.(1) 77
48.(2) 78, 99
49.(1) 79
50.(1) 82
51.(1) 85
52.(1) 87
53.(1) 89
54.(1) 91
55.(1) 94
56.(1) 97
