1.(1) 0
2.(1) 1
3.(5) 2, 11, 35, 46, 98
4.(1) 3
5.(11) 4, 27, 33, 44, 50, 55, 64, 65, 72, 74, 80
6.(2) 5, 25
7.(1) 6
8.(1) 7
9.(1) 8
10.(1) 9
11.(3) 10, 22, 61
12.(1) 12
13.(2) 13, 81
14.(1) 14
15.(1) 15
16.(1) 16
17.(1) 17
18.(1) 18
19.(2) 19, 31
20.(1) 20
21.(1) 21
22.(2) 23, 71
23.(1) 24
24.(2) 26, 45
25.(1) 28
26.(1) 29
27.(3) 30, 73, 95
28.(2) 32, 67
29.(1) 34
30.(1) 36
31.(1) 37
32.(1) 38
33.(1) 39
34.(2) 40, 84
35.(1) 41
36.(1) 42
37.(1) 43
38.(4) 47, 52, 59, 96
39.(1) 48
40.(1) 49
41.(1) 51
42.(1) 53
43.(1) 54
44.(1) 56
45.(1) 57
46.(1) 58
47.(1) 60
48.(3) 62, 70, 92
49.(1) 63
50.(1) 66
51.(1) 68
52.(1) 69
53.(1) 75
54.(1) 76
55.(1) 77
56.(2) 78, 99
57.(1) 79
58.(1) 82
59.(1) 83
60.(1) 85
61.(1) 86
62.(1) 87
63.(1) 88
64.(1) 89
65.(1) 90
66.(1) 91
67.(1) 93
68.(1) 94
69.(1) 97
